(3.95021 +-0.00830518)*10^-7 [Ohm * m] (E = 0.2 ) 
R[1] = 2.08Ohm +- 0.00431831
R[2] = 2.09677Ohm +- 0.00431831
R[3] = 2.03215Ohm +- 0.00431831
R[4] = 2.04444Ohm +- 0.00431831
R[5] = 2.0568Ohm +- 0.00431831
R[6] = 2.05672Ohm +- 0.00431831
